jet(11)            L2 sweep      454 ms argmin J=  400 vals 2.0363 1.6649 1.3609 1.1795 1.0221 0.9147 0.8185 0.6826 0.5855 0.5126 0.4104 0.3423 0.2742 0.2060
jet(11)            L1 sweep      864 ms argmin J=  400 vals 2.0559 1.6809 1.3741 1.1909 1.0320 0.9235 0.8264 0.6892 0.5911 0.5175 0.4144 0.3456 0.2768 0.2080
two-stream(12)     L2 sweep      477 ms argmin J=   16 vals 2.4174 2.0914 1.7852 1.3842 1.0221 1.1336 1.4046 1.7067 1.8409 1.9603 2.1654 2.3371 2.5514 2.8327
two-stream(12)     L1 sweep      894 ms argmin J=   16 vals 2.4407 2.1116 1.8024 1.3975 1.0320 1.1446 1.4182 1.7232 1.8586 1.9792 2.1862 2.3595 2.5758 2.8598
pdf(13)            L2 sweep     2071 ms argmin J=   16 vals 0.3788 0.5142 0.7396 1.0514 0.0000 1.1224 0.8569 0.5825 0.4531 0.3788 0.2501 0.2915 0.2915 0.2915
pdf(13)            L1 sweep     4205 ms argmin J=   16 vals 0.3726 0.5054 0.7393 1.0358 0.0000 1.1190 0.8542 0.5868 0.4527 0.3726 0.2785 0.2502 0.2502 0.2502
pdf_quench(15)     L2 sweep     2194 ms argmin J=   16 vals 3.0084 2.7239 2.5092 2.4337 1.0221 2.1631 2.0106 1.7584 1.5970 1.4847 1.1917 1.3859 1.4804 1.6219
pdf_quench(15)     L1 sweep     4192 ms argmin J=   16 vals 3.0120 2.7218 2.5220 2.4265 1.0320 2.1681 2.0148 1.7730 1.6018 1.4736 1.2845 1.2414 1.3122 1.4233
pocket(16)         L2 sweep    11379 ms argmin J=  225 vals 2.8185 2.6394 2.5463 2.6399 1.0222 2.4408 2.1020 1.7060 1.4633 1.2948 1.0694 1.0056 0.9945 0.9987
pocket(16)         L1 sweep    50984 ms argmin J=  225 vals 2.8484 2.6231 2.5741 2.6457 1.0321 2.4314 2.1372 1.7237 1.4862 1.3101 1.0905 0.9869 0.9759 0.9805
transported(18)    L2 sweep     3363 ms argmin J=   16 vals 1.1166 1.0320 0.9524 0.9154 0.9015 0.9107 0.9341 0.9972 1.0636 1.1166 1.1788 1.1823 1.1352 1.0808
transported(18)    L1 sweep    17599 ms argmin J=   16 vals 1.1157 1.0311 0.9506 0.9126 0.8993 0.9074 0.9307 0.9950 1.0614 1.1157 1.1747 1.1815 1.1524 1.0738
spatial(22)        L2 sweep     3604 ms argmin J=  225 vals 1.1392 NaN 1.1942 1.1744 1.1781 1.1725 1.1760 NaN 1.1341 1.0865 1.0228 1.0061 0.9765 0.9912
spatial(22)        L1 sweep     4541 ms argmin J=  225 vals 1.1388 1.1703 1.1858 1.1809 1.1744 1.1786 1.1851 1.1690 1.1242 1.0721 1.0284 1.0017 0.9772 0.9913
spatial_dwell(23)  L2 sweep    29128 ms argmin J=  400 vals 3.4908 NaN 2.7269 2.5167 2.3132 2.1985 2.1033 NaN 1.8312 1.6290 1.5010 1.3905 1.2852 1.2308
spatial_dwell(23)  L1 sweep    85528 ms argmin J=  400 vals 3.5118 3.0995 2.7462 2.5228 2.3251 2.2039 2.1023 1.9387 1.7807 1.6334 1.4939 1.3843 1.2996 1.2383
spatial_local(24)  L2 sweep    61757 ms argmin J=  400 vals 3.3470 NaN 2.6399 2.4476 2.2625 2.1606 2.0716 NaN 1.8155 1.6170 1.4920 1.3807 1.2713 1.2135
spatial_local(24)  L1 sweep   267618 ms argmin J=  400 vals 3.3678 2.9867 2.6589 2.4536 2.2753 2.1659 2.0706 1.9164 1.7641 1.6210 1.4839 1.3746 1.2852 1.2205
ideal              L2 phi-bell       65 ms vals 0.0490 0.6938 4.7792 15.9940 21.0781 20.7432 13.9767 6.4221 0.8263 0.0965 0.0113 0.0013 0.0001 0.0000 0.0000 0.0000 0.0000
ideal              L1 phi-bell       84 ms vals 0.0490 0.6938 4.7792 15.9940 21.0781 20.7432 13.9767 6.4221 0.8263 0.0965 0.0113 0.0013 0.0001 0.0000 0.0000 0.0000 0.0000
ideal+O+prompt     L2 phi-bell       72 ms vals 0.0779 0.9603 6.1060 19.4284 25.3060 25.1231 17.8701 9.4887 2.5032 0.9718 0.4193 0.1513 0.0245 0.0000 0.0000 0.0000 0.0000
ideal+O+prompt     L1 phi-bell       83 ms vals 0.0779 0.9603 6.1060 19.4284 25.3060 25.1231 17.8701 9.4887 2.5032 0.9718 0.4193 0.1513 0.0245 0.0000 0.0000 0.0000 0.0000
tau_q 1ms          L2 phi-bell      884 ms vals 0.0508 0.7134 4.8971 16.3941 21.6725 21.5364 14.9619 7.5436 2.0001 1.2377 1.1178 1.0784 1.0526 1.0317 1.0137 0.9983 0.9847
tau_q 1ms          L1 phi-bell     1500 ms vals 0.0508 0.7133 4.8969 16.3943 21.6745 21.5420 14.9715 7.5541 2.0100 1.2478 1.1281 1.0890 1.0635 1.0427 1.0250 1.0096 0.9962
